35164.8478508
4418.10584068
432.427167892
432.554960251
924.643993378
3982.3589325
3707.79800415
3282.3600769
2944.72408295
431.777954102
1354.91681099
7391.41488075
879.997968674
3374.18198586
1254.75406647
5073.70185852
871.569156647
433.670043945
3517.00305939
1431.36405945
639.66012001
431.186914444
3357.14387894
974.249839783
1200.13713837
3014.98317719
9091.99595451
9099.70402718
3987.44106293
3247.10798264
429.76307869
3245.04494667
4878.35001945
919.202804565
1958.5351944
1624.17197227
888.111114502
891.405105591
1508.76688957
2163.61713409
1260.46991348
1743.55101585
4429.40688133
429.837942123
1855.8409214
1586.48896217
5696.4161396
432.125091553
666.671037674
5783.40196609
1722.70917892
1964.79701996
774.590969086
762.198925018
631.67309761
9395.46203613
1157.93800354
1309.21316147
1865.82183838
4510.887146
2666.94307327
640.530824661
938.997030258
1475.34799576
783.45489502
4680.53197861
2808.2549572
13688.1370544
3976.95398331
2669.1930294
1244.35591698
427.963972092
4327.14891434
784.727096558
1083.29892159
2190.73414803
428.56502533
595.937013626
1425.4629612
730.475902557
5096.78602219
519.684076309
12312.2360706
561.121940613
4838.69504929
632.898807526
1127.50411034
1271.31605148
1132.1978569
1311.27715111
6066.644907
3738.92307281
10238.0800247
1328.96614075
4242.01488495
703.849077225
1391.27111435
36049.8631001
1186.61499023
1480.41892052
8558.92109871
3280.11703491
3756.305933
4386.61813736
946.524858475
921.657085419
688.783884048
714.240074158
2113.86394501
436.220169067
809.720993042
438.8859272
3095.97110748
1298.92706871
4658.67686272
607.053995132
2112.20693588
1754.95100021
900.942087173
5632.95197487
13054.8889637
772.178888321
1277.12106705
6829.07414436
12713.4420872
1958.94598961
5678.1899929
2122.28894234
884.881973267
9614.03608322
6863.49701881
2840.17109871
6211.55881882
1964.19811249
4917.43803024
4688.79103661
1261.79003716
5316.32709503
9618.02983284
8722.28002548
7381.09993935
4957.6561451
5448.23312759
830.84487915
3207.02505112
2474.98607635
761.723041534
5884.14311409
5892.70591736
2493.03197861
1847.19109535
20846.902132
655.159950256
15924.6039391
1994.2510128
1365.62681198
7158.85210037
1256.81710243
661.664962769
1053.68709564
430.427789688
1113.22689056
1523.4079361
4414.87503052
2431.33687973
858.606100082
1490.17095566
1060.37282944
703.262090683
835.211992264
3784.22904015
5333.36400986
935.357093811
499.797105789
921.604156494
2562.45517731
1010.96081734
3710.66308022
431.490898132
23995.2600002
1344.00010109
1650.25806427
1418.54381561
2571.82598114
12810.863018
8424.69501495
3208.93597603
7131.44993782
1746.51288986
4922.1830368
3095.23916245
433.332920074
1045.37606239
1319.48709488
1664.61610794
1259.12594795
3554.39686775
6533.26201439
3534.6300602
7080.61504364
1569.44084167
1974.30992126
2060.30392647
798.884153366
1060.93096733
13522.1590996
1071.0849762
1789.81494904
743.21603775
2230.01503944
1737.29205132
3841.98117256
2683.6578846
1091.75896645
4542.7210331
437.350988388
2332.1158886
8307.28197098
839.244127274
5436.28287315
4064.62693214
1012.31408119
845.244169235
1805.85193634
3084.52916145
1764.44292068
1581.71486855
5538.4209156
1815.79303741
5473.16217422
5057.81388283
17485.8498573
618.229866028
838.829994202
1981.153965
2134.99403
7351.66597366
15278.8720131
430.692911148
9792.5620079
1360.70299149
2051.38587952
1832.9949379
2574.25808907
856.616020203
1737.7269268
13551.680088
979.293107986
838.125944138
834.974050522
1030.58409691
1656.0189724
2735.96811295
3132.91692734
3780.4889679
2842.46206284
6071.54607773
653.777122498
4931.63990974
1657.5729847
1802.58393288
1745.01299858
21173.017025
827.72898674
7372.51400948
23512.8440857
1170.85385323
150013.82494
3684.5331192
907.129049301
885.303974152
990.7310009
23341.8631554
1655.30204773
3450.72317123
1024.62911606
10257.2581768
2290.21000862
2903.86795998
2402.00686455
1221.85587883
433.740854263
8686.16890907
1251.71613693
983.322143555
2397.6829052
1295.2709198
3243.04699898
3114.59898949
2737.80584335
3941.61200523
953.742980957
887.315034866
847.261190414
14966.9599533
4420.67313194
2836.78388596
432.183980942
5928.52878571
5355.02409935
2127.87699699
636.213064194
3057.84106255
1512.50314713
1876.91783905
5259.44519043
10639.1699314
11832.144022
8753.04389
3251.17301941
2092.6721096
461.973905563
1626.93095207
9035.38799286
437.532901764
1969.82693672
23880.4810047
4678.13801765
4138.2958889
1482.82790184
2473.52099419
6042.75798798
1320.89114189
748.70800972
1206.27689362
2696.58994675
14927.626133
10910.5269909
2067.07382202
1390.82813263
1659.50703621
768.28789711
1903.93805504
7957.03291893
2150.10809898
14210.6900215
1958.58383179
440.617084503
1435.20283699
1179.96692657
903.522968292
751.47986412
1389.36281204
431.271076202
1329.37884331
1214.09797668
4542.58680344
20907.9399109
14026.2029171
913.954973221
1185.30893326
1501.59287453
2556.24485016
1396.1148262
3236.74511909
434.851884842
778.475999832
3380.15890121
6093.61982346
5736.4449501
13830.906868
2217.4179554
8531.04782104
2046.23794556
2724.28703308
805.667161942
1607.64288902
8553.95793915
1517.4241066
2215.94691277
430.869102478
431.941986084
4765.07616043
1771.28696442
1109.43603516
6897.15981483
2057.82985687
4306.46300316
2597.60904312
5315.61088562
975.699901581
1771.98910713
1496.64282799
5549.08585548
1123.57592583
1264.87112045
4691.38884544
2215.33989906
446.269035339
20562.0601177
1791.02015495
1004.5030117
6826.61795616
6767.182827
6688.43913078
4284.54494476
1014.46008682
1419.713974
1888.81993294
3068.38393211
452.71396637
1272.80688286
1795.93014717
2162.7240181
1742.36702919
1328.83191109
5149.4269371
1049.83901978
2504.27889824
3886.90900803
1520.54595947
831.279993057
3471.45390511
13119.6072102
434.541940689
1241.79506302
1559.99803543
1420.37296295
14633.4440708
3015.91515541
799.554109573
3362.75601387
1100.59404373
6661.04578972
4969.14792061
2996.61207199
1871.33002281
775.312900543
432.626008987
8025.0749588
145885.564089
798.475980759
443.381071091
3784.73210335
1256.47902489
4767.16709137
739.768028259
428.72595787
665.85111618
2540.55500031
2072.95107841
857.421875
1840.79408646
5212.89896965
1400.87509155
2161.60511971
1456.86006546
878.180980682
6090.06214142
1642.28200912
450.091838837
1757.6649189
1259.41491127
4207.0479393
430.717945099
2826.2450695
1586.22908592
4918.41197014
652.220010757
1480.97586632
824.542045593
534.294843674
1337.31889725
1836.01880074
1059.40294266
1749.46904182
597.18298912
3049.75295067
429.934978485
588.621854782
5920.91488838
5079.85401154
10581.3031197
1854.58183289
1303.41887474
3758.61501694
2399.98197556
7965.01517296
763.953924179
832.846879959
1463.69385719
663060.406923
2261.82699203
146834.942102
726.728916168
1386.54112816
2196.71416283
958.633899689
2469.0759182
21791.5971279
1463.1729126
5608.66093636
2397.94898033
2577.53300667
435.988903046
1108.2379818
1002.35795975
746.094942093
20650.5498886
2534.06906128
3813.55595589
1481.81319237
438.038825989
5078.24897766
1891.35408401
1617.68484116
1137.03989983
751.557826996
1632.90596008
2191.38598442
663.895130157
2188.74502182
1498.47817421
2623.25286865
1918.82801056
1132.25483894
5925.44603348
1922.16300964
771.89207077
1655.80010414
2366.04976654
1572.41606712
1863.2349968
2984.13896561
618.515968323
1592.99516678
4646.34394646
8320.13082504
1008.5439682
2824.22399521
10058.1371784
2353.97100449
1472.26810455
21020.0760365
719.524860382
1632.16400146
3043.14804077
787.141084671
1857.50794411
4739.98498917
1084.3129158
1060.02306938
1086.80820465
1850.25596619
843.910217285
5549.84307289
2317.20614433
845.351934433
1069.53597069
2908.63084793
1564.72301483
6600.4049778
1281.47387505
1176.05686188
4177.99901962
3098.30713272
2155.08008003
1054.76689339
3723.76203537
882.921218872
21061.4569187
3373.85296822
1758.41784477
1533.87999535
3615.92006683
3232.3679924
2655.85303307
1467.53501892
1644.67906952
7058.98809433
1468.73307228
4759.86409187
894.148111343
11730.902195
14468.6310291
6389.96100426
1218.78695488
5238.95001411
1379.40597534
6335.58797836
1476.54795647
4361.06610298
1899.38497543
15176.158905
2156.31103516
2328.95588875
1525.11000633
2164.36100006
4308.69293213
5652.13704109
4005.01990318
1031.13102913
1718.33610535
6988.71994019
11981.7659855
1810.78505516
1039.15691376
904.21295166
2102.01692581
3549.92294312
5334.47599411
1098.32906723
496.71292305
765.964031219
6377.24304199
4599.43294525
1253.32689285
760.210990906
1336.76290512
1699.87821579
7140.32101631
7457.29207993
1554.46004868
9171.55313492
4935.52994728
2690.83213806
10603.2371521
1235.42499542
10539.1099453
10490.4110432
8985.84580421
2228.75905037
1678.10082436
2574.51105118
2408.07795525
2953.13191414
1612.6241684
4918.20597649
2631.01792336
783.729076385
2289.43800926
2366.25099182
20187.0129108
2984.65681076
2370.35799026
1971.70209885
13217.3190117
12421.184063
23549.6850014
1080.25598526
736.408948898
6550.1909256
944.232940674
1646.24214172
2678.74979973
440.953016281
1417.63710976
1225.61001778
1278.3908844
2394.25683022
1256.01887703
1021.43311501
969.778060913
3610.68701744
1136.63697243
850.13794899
1690.24515152
917.432785034
2573.26292992
644.139051437
1178.13706398
5215.8768177
655.168056488
8527.39191055
4975.93688965
1864.11595345
1233.94989967
2821.52104378
730.835914612
12848.9229679
601.531028748
889.888048172
707.34500885
933.742046356
6507.8060627
13913.2518768
1926.12504959
719.86913681
428.962945938
2269.53911781
4032.63497353
3359.5058918
1477.07700729
6161.79299355
11588.4258747
4712.69392967
24643.8171864
22393.0139542
5876.04403496
2889.35995102
1850.56400299
444.863080978
1928.57718468
6534.73615646
67341.9129848
69167.8879261
9869.21191216
2011.56783104
2240.36097527
8337.90612221
793.475866318
3916.48578644
4339.15996552
1663.4209156
458.748102188
1921.92101479
1221.27008438
3970.68095207
2726.58991814
1766.48211479
1364.68219757
6596.26889229
2590.2299881
432.559013367
2136.68084145
955.647945404
12277.0349979
3003.30305099
6313.30299377
3771.74186707
1528.27620506
8072.78704643
68296.0801125
4825.84619522
7779.99591827
1604.13599014
19749.3901253
838.940143585
6432.53612518
879.946947098
1585.28900146
1339.53309059
2150.92301369
3384.10305977
4309.5369339
1853.85012627
854.653120041
2832.22007751
748.613119125
5795.35698891
2355.53503036
5600.05497932
666619.035006
2685.13822556
3829.8869133
4171.34189606
1243.36099625
1554.04400826
3351.94802284
5901.14998817
2741.62912369
829.965114594
1556.92696571
1306.70595169
9961.49682999
11133.4540844
1532.67598152
2263.93389702
1301.18298531
34023.2880116
2492.98596382
673.861026764
2288.97309303
1430.53388596
4144.60015297
4761.94906235
2327.5680542
3191.8900013
1101.28283501
682.163953781
1219.27189827
3420.24207115
3587.56995201
713.008880615
1661.43298149
2969.58518028
2097.12386131
146046.74387
1416.22209549
2340.10696411
1362.87689209
434.752941132
191452.678919
986.092090607
1371.54197693
5497.78199196
984.553813934
4077.61192322
1844.20919418
3097.8038311
1396.44384384
888.746976852
1583.58192444
2806.43010139
2881.37292862
832.532167435
3008.68701935
911.764144897
1966.94111824
3833.61911774
5952.80194283
3620.91708183
7047.65796661
2586.99703217
2136.37113571
3813.90881538
36864.0840054
1807.44600296
1927.09898949
5686.78402901
1985.96692085
1457.17692375
2824.46885109
4445.00803947
2686.21087074
11693.0580139
1110.6069088
6184.4201088
2443.68982315
2039.8619175
3538.44094276
3041.44001007
33183.6709976
24533.5969925
2986.46688461
949.49889183
9458.03785324
3448.71687889
3563.27581406
4024.07193184
1144.50788498
1005.8760643
861.779212952
2380.19704819
12530.1690102
21505.2218437
2459.71298218
2348.37007523
8828.70101929
2672.92809486
2991.89305305
12402.5790691
430.873155594
436.686992645
734.668016434
3265.81192017
3896.048069
1854.64882851
5192.59285927
857.070207596
794.903993607
6715.88587761
1727.32901573
1972.44811058
1542.4580574
2089.48802948
3833.8599205
3172.80387878
11269.6869373
6900.07305145
13130.0549507
708.179950714
2162.60695457
1512.73298264
1626.24311447
1771.02780342
13780.7559967
856.369018555
5421.55098915
1645.14303207
3171.77820206
889.579057693
928.380012512
5405.2901268
808.943986893
1683.97188187
3012.92800903
2948.42290878
1465.85011482
5164.69693184
11284.1868401
1001.99794769
2115.9760952
667.411088943
793.132066727
1148.77820015
3946.73204422
1057.01589584
2797.46985435
13518.8751221
1838.91987801
711.099863052
10254.732132
21158.561945
6995.09882927
1734.55500603
27011.3179684
4043.54500771
983.336925507
1145.48397064
2393.34797859
3859.69901085
2204.37598228
872.87902832
3111.89293861
6716.88294411
1069.06414032
6564.52608109
6755.5270195
5935.95290184
13399.7869492
1423.38991165
997.69616127
7942.78216362
8161.16499901
1900.62904358
1252.10881233
1858.20603371
895.497083664
1590.1529789
1317.14391708
23043.9338684
1997.71404266
1175.78196526
1332.7999115
11082.7870369
836.415052414
3561.89990044
2111.784935
1972.01800346
1241.35112762
1580.46793938
19252.6319027
4287.78982162
2881.63113594
2105.60512543
39200.3421783
59512.4299526
9293.22195053
3677.44493484
2286.76509857
1507.0772171
447.543859482
1026.14688873
1202.33988762
4471.77100182
3169.97504234
21275.9449482
2436.85913086
770.520925522
452.280044556
998.462200165
1557.94501305
775.516033173
942.179918289
758.272171021
2435.30106544
2079.06389236
5579.37002182
8741.84894562
3066.19882584
15160.6729031
2689.32390213
1001.24192238
2627.83813477
1437.10613251
774.666070938
2536.76891327
8170.33004761
1672.61886597
822.619915009
7127.60210037
20119.3978786
5285.40992737
3432.12819099
2452.83484459
5601.04703903
2156.84294701
1612.42604256
20743.3969975
1824.55921173
704.434156418
729.006052017
797.945976257
16649.3880749
914.95013237
2086.58289909
3160.09378433
16221.0359573
18673.1519699
1912.7509594
4660.93492508
2390.52820206
2026.77798271
463.594913483
10209.3470097
10928.8339615
971.965074539
5355.3841114
1539.72196579
4206.16292953
893.486976624
1405.92885017
2273.26202393
1933.82716179
21664.7701263
2372.86782265
780.778169632
6486.93394661
2939.06903267
3886.8598938
3663.2809639
1808.42089653
7536.32593155
1733.69812965
14934.3080521
4342.79799461
1562.1638298
3042.59800911
2449.84912872
3785.86196899
8683.18486214
2066.01119041
479.050159454
951.876878738
689.954996109
3512.62521744
14974.159956
3078.40490341
1264.38188553
1249.6919632
6561.8429184
1106.53281212
12997.1330166
2578.80091667
7267.827034
3911.16976738
3143.81599426
1012.62402534
11533.288002
1499.89700317
2649.86491203
21838.8531208
4768.16511154
1729.1970253
15600.1300812
1306.92315102
467.149972916
1313.32588196
8247.7850914
6233.26086998
1339.9848938
1999.36699867
2503.35383415
1481.56499863
1336.59386635
6301.61690712
1131.1750412
1303.08198929
5906.0049057
1134.2048645
472.62597084
10087.4149799
1659.01684761
2701.46584511
4340.4519558
6375.35810471
635.854959488
16462.6729488
1843.00708771
1532.62400627
6923.38705063
1795.773983
2775.60400963
7218.75309944
2361.7579937
749.50003624
11194.8299408
6558.13908577
842.475891113
8453.93681526
2811.12504005
827.096939087
1417.43707657
1944.05508041
5084.56397057
1797.08719254
2176.88798904
1766.13402367
1147.57108688
9427.09779739
435.53686142
2956.28905296
6837.53991127
7237.97488213
6292.89317131
7072.79801369
9134.26613808
5969.30003166
10960.2808952
2283.47802162
1890.5980587
2020.14398575
5434.19694901
920.120954514
9984.69090462
1660.09902954
8771.91901207
3143.76688004
1686.31100655
19805.5660725
3404.38985825
8658.89692307
3446.11811638
705.544948578
40581.4530849
821.620225906
433.128833771
2733.93297195
3239.85600471
2414.3140316
1320.07098198
1815.23299217
710.08181572
2154.76799011
8882.16495514
2430.63998222
10931.9529533
1356.15801811
1153.97405624
12808.2969189
1798.60186577
9356.71591759
1273.99992943
1236.95898056
7229.20012474
19791.4559841
429.955005646
1875.22983551
2062.41416931
2591.53294563
9879.84895706
1820.85609436
1052.59394646
3575.71792603
1666.45598412
611.592054367
11081.1231136
2482.35583305
1565.21296501
2901.62777901
1650.9449482
919.095039368
7005.61594963
5025.10595322
7935.42909622
630.596160889
4408.56981277
5170.28307915
3122.44510651
436.671972275
6347.26786613
3241.12200737
705.161809921
13557.254076
1740.90003967
1745.13602257
1255.30004501
1316.60890579
4930.18603325
196924.02792
1463.20796013
954.241037369
1321.59495354
1576.6851902
6238.17181587
18453.7649155
59707.4320316
2087.09001541
851.586103439
1170.31097412
2016.15309715
864.171028137
1841.79401398
34311.5229607
4297.12700844
1680.90105057
5652.21500397
3664.01696205
20995.22686
2219.56801414
1126.16109848
5388.4768486
2357.9249382
9009.16194916
7027.64201164
2594.43306923
2608.79993439
18331.2649727
8492.76804924
2466.17603302
6286.77010536
8647.61805534
2398.41604233
926.377773285
10684.8151684
1217.72003174
792.959928513
735.717058182
3380.77497482
823.834896088
13164.2899513
2729.25019264
1781.77785873
6292.38605499
6441.93887711
2320.78909874
2326.55382156
4876.01089478
1077.96883583
1879.3399334
1635.75410843
11555.3340912
2063.41505051
2409.7969532
3290.77100754
937.296152115
1537.80412674
10963.1271362
2934.28993225
4922.79100418
13871.9489574
2112.92290688
6416.49007797
738.699197769
3506.28209114
6484.03692245
5478.2910347
14891.1550045
539.252996445
3659.95407104
3396.63100243
13315.2310848
1292.97089577
918.611049652
4225.60119629
2048.42782021
945.852994919
2594.03610229
1011.2221241
1003.49402428
1433.63189697
3637.49790192
2141.64805412
924.816131592
3462.2399807
1833.32395554
1068.83311272
867.321014404
6533.36906433
4437.20197678
13657.4838161
969.527006149
462.3670578
21168.7991619
1237.57195473
1363.40093613
13161.7310047
756.999969482
2263.32783699
1735.71705818
18477.6208401
5610.69512367
20921.628952
1575.83284378
852.10609436
1121.68908119
2432.65390396
719.747066498
1946.07400894
2148.32806587
2379.69708443
1303.13515663
2143.58186722
1601.30405426
3744.30203438
1863.28911781
12370.6088066
27373.0270863
1938.32492828
1722.04017639
3644.12403107
12561.2471104
3188.82703781
13483.1168652
595.715045929
12479.9318314
5920.76706886
1348.67191315
3610.71920395
2408.20193291
2443.13502312
2433.09402466
1622.79486656
1398.57411385
1411.52501106
1975.29506683
1139.40000534
1239.17484283
1683.51101875
2003.32403183
4343.41096878
15074.7148991
968.82891655
1847.94521332
2838.33193779
1375.80895424
1981.19997978
10964.8029804
1370.7280159
2072.78084755
6966.33911133
1413.68293762
7081.78400993
11033.4980488
13475.8679867
2059.62991714
2087.86511421
1164.3269062
20423.511982
13265.9721375
728.713035583
2617.09809303
3873.29411507
2056.7419529
1331.56609535
2202.57806778
847.53704071
47107.4490547
2447.9060173
817.620038986
1297.74308205
1408.22720528
1616.16182327
12446.2230206
16014.0380859
20311.619997
20627.106905
1389.14704323
4967.28301048
3475.07405281
5092.51689911
20597.7580547
884.632110596
2309.24296379
1735.32485962
2525.63309669
1023.73194695
1455.90305328
2647.66716957
1788.82908821
441.561937332
13118.0980206
3899.84893799
3724.69592094
2226.60207748
2578.64713669
6163.8109684
7262.88485527
6163.27309608
21032.4828625
4093.90592575
24891.5019035
9424.76797104
1596.29607201
1178.35497856
898.226976395
2714.69402313
1857.48291016
12533.716917
1094.20013428
1471.52495384
5850.32987595
1358.64400864
1201.03406906
1125.44703484
61223.815918
2811.72013283
1087.29600906
7838.45090866
5274.39498901
1189.10098076
2076.94411278
21520.1129913
2690.61303139
1205.11698723
17958.3909512
1700.52599907
654.071807861
2105.12804985
670.59803009
1378.60012054
1342.21792221
2034.40093994
1475.91996193
8134.84311104
13341.6779041
4346.39501572
39121.3860512
1776.40604973
744.765043259
927.193164825
30509.5009804
3717.62299538
618.430137634
2393.30196381
2521.18992805
21124.0978241
1630.55205345
2432.85799026
3311.52677536
28269.7432041
889.268875122
12947.0419884
1593.88685226
3268.84889603
21218.3699608
2539.56413269
908.062934875
3787.38117218
932.789087296
1779.98900414
38084.7280025
46244.8270321
146735.804081
788.859128952
1154.34789658
2093.51205826
20792.4089432
1047.49703407
20210.5550766
1665.07196426
28258.6181164
1949.13697243
1741.65391922
3514.77313042
7046.96583748
2571.45094872
757.355928421
1767.15302467
2487.68615723
488.746881485
2622.49302864
2884.34100151
3398.7622261
6220.60894966
12210.310936
1309.25893784
7804.06713486
999.325990677
3749.24898148
7780.14588356
1580.6210041
477.092981339
2997.69210815
1352.95295715
4665.09890556
1938.64893913
9355.14807701
2046.35882378
1847.1930027
1769.92583275
1624.55797195
1607.03778267
2484.38096046
1670.22609711
1309.00621414
7201.9879818
3764.27102089
3292.39988327
14381.1109066
2326.33090019
2571.56920433
1448.91810417
1995.62907219
1023.23508263
40573.2381344
3181.79702759
613.643884659
2743.96085739
11713.4151459
1071.3429451
922.669887543
9822.06892967
27792.5539017
2510.15996933
4284.3670845
48995.7790375
1812.97707558
20352.7369499
1036.91315651
8003.14807892
2626.91617012
740.931987762
1348.40106964
2516.46494865
1032.50813484
15680.4721355
1241.6908741
1207.15022087
440.359115601
4207.38887787
23113.5480404
1786.25512123
1423.82502556
2442.44194031
2018.07498932
767.39192009
26944.8599815
1084.29884911
21470.790863
5052.33311653
3477.01191902
6755.81097603
21418.6840057
22343.0631161
1822.11399078
2143.679142
7362.91193962
23561.1820221
2271.17919922
685.207843781
999.517917633
1653.72800827
1819.36311722
3138.62299919
1767.89307594
12185.6880188
1254.95815277
1481.88495636
5107.49793053
1895.16615868
14156.4629078
861.869096756
18431.5168858
2578.56893539
202563.279152
6347.45287895
21405.8730602
5874.46403503
888.370990753
779.757022858
7019.6928978
1509.6309185
5098.86789322
6075.96707344
8543.80822182
2593.21904182
9652.76908875
22050.5411625
8222.73516655
2367.90418625
2156.20994568
23088.0401134
5437.08395958
11193.1319237
2506.88195229
1341.98093414
2602.71787643
1020.32899857
768.285989761
1332.06486702
807.498931885
16196.8901157
1783.36596489
1697.87693024
461.733102798
17092.1459198
6013.89908791
4482.65790939
441.2150383
614.310026169
789.583921432
10505.190134
4771.682024
6093.58882904
29499.6919632
7767.98605919
15089.3468857
4072.69501686
622.079133987
81211.8010521
3739.9930954
6069.89002228
196615.83519
1944.90098953
6827.05283165
8783.35690498
8508.02993774
21128.0419827
8826.73692703
3835.58297157
12924.7579575
2452.22401619
1904.40297127
1212.6159668
634.226083755
7098.16193581
2270.74193954
2072.63493538
1134.11092758
786.047935486
942.177772522
35095.2570438
4093.38307381
1333.1079483
3466.0320282
4362.66493797
2889.46604729
15276.0460377
2137.8068924
755.155801773
2506.20818138
8393.40496063
2125.32997131
2251.46603584
932.255983353
197068.587065
745.215892792
440.675973892
8148.62012863
147611.698151
1138.4780407
3300.24003983
4875.79703331
1374.97806549
8455.63483238
21024.1880417
21146.0239887
4866.66488647
4228.5528183
3046.0100174
20051.1491299
3655.65013885
1838.91391754
2817.23093987
5574.90801811
2319.74291801
1178.60007286
2148.73385429
3000.22411346
11000.6389618
7901.3531208
4196.05398178
40037.4569893
10908.9989662
1936.78498268
15731.2781811
4062.80016899
970.540046692
909.18803215
9481.03094101
1234.68089104
5377.56896019
2556.42104149
15521.1000443
4987.15305328
7879.22883034
10018.2340145
2876.40404701
6571.51293755
1040.23599625
5909.23595428
607.908964157
1947.37792015
3786.88693047
5508.74495506
2716.65406227
1288.80906105
3716.58301353
5282.61399269
9719.67983246
3648.51212502
925.081968307
6944.31614876
3154.18481827
9467.08607674
2788.73586655
1429.0869236
1193.8149929
5644.76394653
2502.01511383
1900.01416206
8258.3770752
4472.97310829
14073.6308098
8216.66002274
31915.8570766
1156.8570137
1297.67608643
1694.46206093
811.648845673
2872.5039959
3783.14614296
1480.40103912
14828.5341263
4288.91992569
12611.4170551
4150.60281754
1005.29694557
8179.26096916
1277.07195282
20131.4029694
2671.68617249
14822.7989674
1148.19002151
879.265069962
2844.99883652
7388.56887817
637.969017029
5834.65409279
15635.4749203
2113.9819622
1618.00789833
1380.21612167
3375.98109245
5133.90803337
1620.76187134
11720.015049
13940.1829243
1524.08599854
10838.1409645
1519.47999001
921.323060989
1438.62509727
20034.7998142
1092.29588509
1204.72478867
5905.07793427
2133.65411758
1382.45606422
1129.62198257
2256.84690475
1342.91005135
955.111026764
25018.1500912
770.497083664
2218.25790405
1683.62092972
732.333183289
1619.49491501
2871.44899368
2489.74704742
3746.81806564
6350.67510605
2398.00405502
1219.31791306
2064.24593925
548.161029816
1588.95492554
29849.3978977
2550.05502701
937.800884247
1340.7330513
7060.0039959
2405.98988533
2783.6368084
2723.7739563
1016.81613922
1218.57309341
460.721969604
1962.92114258
3823.01306725
1994.29893494
11413.9971733
195227.169037
2947.73101807
3618.28994751
7320.28198242
1983.91103745
7949.05805588
22358.4480286
5635.94508171
3274.56688881
2640.74683189
2906.12101555
15440.5860901
4702.87513733
67907.9389572
1999.31001663
1399.99294281
1811.91897392
986.820936203
2436.01298332
24170.3560352
1488.82198334
5969.87581253
2099.50089455
3257.9472065
693.096160889
2865.48113823
2242.18416214
761.090993881
1666.11504555
2160.97807884
1586.58885956
1741.46008492
6497.18594551
6096.05693817
4321.64001465
1609.61103439
3747.08199501
2097.10097313
8726.18293762
1264.2531395
453.473091125
197015.455961
1228.38115692
13656.4807892
3060.23406982
4090.16990662
7281.21399879
3033.16497803
2436.4490509
1283.90002251
44749.2828369
3954.96296883
3858.57892036
11281.2020779
1012.5617981
1153.01799774
7211.33303642
619.778871536
1131.6640377
1903.8131237
7628.32999229
3453.38797569
924.258947372
782.676935196
21319.715023
769.78802681
1472.71299362
3415.98296165
440.103054047
10560.2669716
732.805967331
1557.53302574
1470.56007385
11097.5210667
8109.90619659
12965.1939869
5758.17108154
3533.39099884
7482.47814178
1329.43606377
7318.37916374
6307.67416954
1538.7570858
2098.25992584
2557.78598785
7319.45610046
1938.81082535
24264.2359734
1115.61894417
3399.98698235
1732.63716698
7813.58599663
5421.37694359
19990.5090332
8202.42285728
9872.36690521
5390.01393318
9101.36890411
192753.615141
6562.55292892
2263.79299164
1696.54107094
1726.98092461
12468.75
6254.23407555
6007.60507584
8248.81696701
2429.21590805
12697.6411343
1493.2038784
19815.885067
1309.70191956
3623.68798256
1527.98509598
1533.91909599
5790.8949852
3441.00880623
3950.38986206
1437.49594688
1450.35910606
3479.82192039
5723.68907928
7462.13102341
10215.7120705
1138.11302185
2365.70501328
457.821846008
10236.4869118
24983.1428528
194337.351084
1842.96679497
1346.41003609
815.375089645
874.272108078
3287.41693497
1839.19596672
3324.99909401
5550.76909065
1775.88677406
1049.78203773
193949.043989
3414.65210915
16468.6338902
2154.95109558
1059.02290344
820.48201561
4939.24999237
204201.121092
1197.66998291
722.253084183
434.704065323
776.991128922
3348.35219383
748.037099838
11282.2551727
1879.71806526
13563.6930466
3541.3711071
10024.0969658
3461.55905724
21345.0570107
1213.05990219
9162.76097298
4323.31299782
10520.3340054
8856.95409775
4690.81711769
2731.55212402
4409.37304497
15701.4601231
2121.49596214
3960.32786369
2466.01200104
22527.8699398
947.901964188
1912.56809235
2738.54994774
432.676076889
4088.25993538
4234.87877846
2582.706213
3419.09694672
20490.1440144
2101.57608986
2076.27415657
796.144008636
6377.56800652
2208.39715004
2352.51998901
1764.42909241
4316.86496735
3355.91292381
3816.51997566
1189.25595284
10817.0280457
7668.45107079
3725.70610046
2837.92805672
2931.93888664
2617.32292175
2593.28508377
3508.70800018
2086.26413345
432.975053787
14760.8339787
14954.5691013
3802.12020874
1183.97498131
2324.82600212
2026.36814117
2479.93707657
3329.11682129
3818.81308556
7557.33799934
3880.57398796
69233.686924
2088.66286278
2457.31782913
1119.34614182
5566.5140152
2338.94181252
1718.72591972
2468.15085411
3356.91714287
3724.19404984
2870.12982368
1398.12397957
2371.32501602
986.844062805
3963.58394623
5291.13817215
2661.40794754
2328.43804359
199339.524984
3955.37996292
22476.0420322
1110.40401459
23525.7971287
1142.11392403
5621.61707878
2304.36301231
3596.80700302
4384.03201103
2126.57594681
3380.9659481
2458.28294754
1218.3470726
1854.9258709
1950.76489449
193327.682972
194748.636961
19736.4020348
3918.6899662
10444.4320202
2648.34094048
39502.9540062
1468.02997589
2570.74809074
